[Documentation]
information1 = This file stores the OID assignments for resources defined in this IG.
information2 = It must be added to git and committed when resources are added or their id is changed
information3 = You should not generally need to edit this file, but if you do:
information4 = (a) you can change the id of a resource (left side) if you change it's actual id in your source, to maintain OID consistency
information5 = (b) you can change the oid of the resource to an OID you assign manually. If you really know what you're doing with OIDs
information6 = There is never a reason to edit anything else

[Key]
CodeSystem = 1
ValueSet = 5
StructureDefinition = 10
OperationDefinition = 1
CapabilityStatement = 5
Questionnaire = 2

[CodeSystem]
cdex-temp = 2.16.840.1.113883.4.642.40.21.16.1

[ValueSet]
cdex-POU = 2.16.840.1.113883.4.642.40.21.48.1
cdex-claim-use = 2.16.840.1.113883.4.642.40.21.48.2
cdex-data-request-task-code = 2.16.840.1.113883.4.642.40.21.48.3
cdex-identifier-types = 2.16.840.1.113883.4.642.40.21.48.4
cdex-work-queue = 2.16.840.1.113883.4.642.40.21.48.5

[StructureDefinition]
cdex-parameters-submit-attachment = 2.16.840.1.113883.4.642.40.21.42.1
cdex-patient-demographics = 2.16.840.1.113883.4.642.40.21.42.2
cdex-practitionerrole = 2.16.840.1.113883.4.642.40.21.42.3
cdex-sdc-questionnaireresponse = 2.16.840.1.113883.4.642.40.21.42.4
cdex-signature-bundle = 2.16.840.1.113883.4.642.40.21.42.5
cdex-signature = 2.16.840.1.113883.4.642.40.21.42.6
cdex-task-attachment-request = 2.16.840.1.113883.4.642.40.21.42.7
cdex-task-data-request = 2.16.840.1.113883.4.642.40.21.42.8
cdex-digital-signature = 2.16.840.1.113883.4.642.40.21.42.9
test-binding = 2.16.840.1.113883.4.642.40.21.42.10

[OperationDefinition]
submit-attachment = 2.16.840.1.113883.4.642.40.21.33.1

[CapabilityStatement]
cdex-capabilitystatement-inline-example = 2.16.840.1.113883.4.642.40.21.13.1
data-consumer-client = 2.16.840.1.113883.4.642.40.21.13.2
data-consumer-server = 2.16.840.1.113883.4.642.40.21.13.3
data-source-client = 2.16.840.1.113883.4.642.40.21.13.4
data-source-server = 2.16.840.1.113883.4.642.40.21.13.5

[Questionnaire]
cdex-questionnaire-example1 = 2.16.840.1.113883.4.642.40.21.35.1
cdex-questionnaire-example2 = 2.16.840.1.113883.4.642.40.21.35.2

